1800 100 5 4 65
1800 100 5 4 70
1800 100 5 4 75
1800 100 5 4 80
1800 100 5 4 85

1800 100 5 4.5 65
1800 100 5 4.5 70
1800 100 5 4.5 75
1800 100 5 4.5 80
1800 100 5 4.5 85

1800 100 5 5 65
1800 100 5 5 70
1800 100 5 5 75
1800 100 5 5 80
1800 100 5 5 85

2000 150 5 4 65
2000 150 5 4 70
2000 150 5 4 75
2000 150 5 4 80
2000 150 5 4 85

2000 150 5 4.5 65
2000 150 5 4.5 70
2000 150 5 4.5 75
2000 150 5 4.5 80
2000 150 5 4.5 85

2000 150 5 5 65
2000 150 5 5 70
2000 150 5 5 75
2000 150 5 5 80
2000 150 5 5 85

2500 200 5 4 65
2500 200 5 4 70
2500 200 5 4 75
2500 200 5 4 80
2500 200 5 4 85

2500 200 5 4.5 65
2500 200 5 4.5 70
2500 200 5 4.5 75
2500 200 5 4.5 80
2500 200 5 4.5 85

2500 200 5 5 65
2500 200 5 5 70
2500 200 5 5 75
2500 200 5 5 80
2500 200 5 5 85
